woodysetup: load_vaddr=0x401161 scan_end=0x401fe8 (taille zone scannee = 3719 octets)
Breakpoint 1 at 0x401161
[Thread debugging using libthread_db enabled]
Using host libthread_db library "/lib/x86_64-linux-gnu/libthread_db.so.1".

Breakpoint 1, 0x0000000000401161 in ?? ()
Breakpoint 2 at 0x401187

Breakpoint 2, 0x0000000000401187 in ?? ()
woodysetup: anti-debug neutralise a 0x401187 (eax force a 0)
Watchpoint 3: $ecx
woodysetup: watchpoint pose. Lance 'set logging file ...', 'set logging on', puis 'continue'.
Continuing.
1 13
2 54
3 74
4 94
5 130
6 169
7 195
8 270
0 310
8 310
9 310
1 317
9 317
10 317
11 388
3 513
11 513
12 513
13 516
5 560
13 560
14 560
6 573
14 573
15 573
7 659
15 659
16 659
0 714
16 714
17 714
1 817
17 817
18 817
2 844
18 844
19 844
3 940
19 940
20 940
21 958
22 1059
6 1092
22 1092
23 1092
7 1100
23 1100
24 1100
0 1103
24 1103
25 1103
1 1156
25 1156
26 1156
27 1220
3 1272
27 1272
28 1272
4 1280
28 1280
29 1280
5 1284
29 1284
30 1284
6 1336
30 1336
31 1336
7 1430
31 1430
32 1430
0 1443
32 1443
33 1443
1 1470
33 1470
34 1470
2 1514
34 1514
35 1514
3 1553
35 1553
36 1553
4 1566
36 1566
37 1566
5 1579
37 1579
38 1579
6 1606
38 1606
39 1606
7 1665
39 1665
40 1665
41 1777
1 1805
41 1805
42 1805
2 1822
42 1822
43 1822
3 1861
43 1861
44 1861
4 1874
44 1874
45 1874
5 1887
45 1887
46 1887
47 1914
7 2000
47 2000
48 2000
0 2022
48 2022
49 2022
1 2038
49 2038
50 2038
2 2051
50 2051
51 2051
3 2074
51 2074
52 2074
4 2092
52 2092
53 2092
5 2136
53 2136
54 2136
6 2158
54 2158
55 2158
7 2230
55 2230
56 2230
0 2266
56 2266
57 2266
58 2278
59 2332
3 2397
59 2397
60 2397
61 2448
62 2460
6 2629
62 2629
63 2629
7 2645
63 2645
64 2645
65 2648
66 2712
67 2914
68 2960
4 3022
68 3022
69 3022
70 3076
71 3122
72 3169
73 3177
1 3224
73 3224
74 3224
75 3227
76 3252
4 3286
76 3286
77 3286
78 3297
79 3305
80 3313
81 3317
1 3331
81 3331
82 3331
83 3334
84 3346
4 3359
84 3359
85 3359
5 3368
85 3368
86 3368
87 3417
88 3478
89 3486
1 3494
89 3494
90 3494
91 3497
92 3507
4 3525
92 3525
93 3525
94 3528
95 3558
96 3580
0 3584
96 3584
97 3584
98 3591
2 3600
98 3600
99 3600
3 3612
99 3612
100 3612
4 3617
100 3617
101 3617
5 3647
101 3647
102 3647
4201956 3709

Program received signal SIGSEGV, Segmentation fault.
0x0000000000401053 in _start ()
0x401161:	0x52	0x55	0x48	0xb8	0x65	0x00	0x00	0x00
0x401169:	0x00	0x00	0x00	0x00	0x48	0x8d	0x3c	0x25
0x401171:	0x00	0x00	0x00	0x00	0x48	0x31	0xf6	0x48
0x401179:	0xba	0x01	0x00	0x00	0x00	0x00	0x00	0x00
0x401181:	0x00	0x4d	0x31	0xd2	0x0f	0x05	0x83	0xf8
0x401189:	0xff	0x75	0x05	0xe9	0x05	0x00	0x00	0x00
0x401191:	0xe9	0x32	0x00	0x00	0x00	0x48	0x8d	0x04
0x401199:	0x25	0x01	0x00	0x00
