woodysetup: load_vaddr=0x401161 scan_end=0x401ef3 (taille zone scannee = 3474 octets)
Breakpoint 1 at 0x401161
[Thread debugging using libthread_db enabled]
Using host libthread_db library "/lib/x86_64-linux-gnu/libthread_db.so.1".

Breakpoint 1, 0x0000000000401161 in ?? ()
Breakpoint 2 at 0x401189

Breakpoint 2, 0x0000000000401189 in ?? ()
woodysetup: anti-debug neutralise a 0x401189 (eax force a 0)
Watchpoint 3: $ecx
woodysetup: watchpoint pose sur $ecx. Lance 'set logging file ...', 'set logging on', puis 'continue'.
Continuing.
1 3
2 13
3 23
4 27
5 35
6 55
7 61
8 75
9 83
1 91
9 91
10 91
2 109
10 109
11 109
3 112
11 112
12 112
4 118
12 118
13 118
14 126
15 135
7 166
15 166
16 166
0 190
16 190
17 190
18 246
19 273
20 294
4 318
20 318
21 318
5 321
21 321
22 321
6 364
22 364
23 364
24 390
25 411
1 426
25 426
26 426
2 451
26 451
27 451
3 462
27 462
28 462
4 487
28 487
29 487
5 507
29 507
30 507
6 510
30 510
31 510
32 553
0 566
32 566
33 566
34 578
35 591
3 617
35 617
36 617
4 628
36 628
37 628
38 640
6 653
38 653
39 653
7 665
39 665
40 665
41 691
42 712
2 745
42 745
43 745
44 794
45 821
46 842
47 857
7 883
47 883
48 883
0 912
48 912
49 912
1 915
49 915
50 915
2 933
50 933
51 933
3 972
51 972
52 972
4 992
52 992
53 992
5 1028
53 1028
54 1028
6 1048
54 1048
55 1048
7 1068
55 1068
56 1068
0 1071
56 1071
57 1071
1 1124
57 1124
58 1124
2 1144
58 1144
59 1144
3 1188
59 1188
60 1188
61 1208
62 1251
63 1256
64 1309
65 1333
1 1347
65 1347
66 1347
2 1363
66 1363
67 1363
3 1376
67 1376
68 1376
4 1389
68 1389
69 1389
70 1402
71 1431
7 1453
71 1453
72 1453
73 1474
74 1491
75 1505
76 1519
77 1533
78 1562
79 1584
80 1599
0 1623
80 1623
81 1623
1 1636
81 1636
82 1636
2 1652
82 1652
83 1652
84 1665
85 1679
86 1693
87 1722
7 1744
87 1744
88 1744
89 1765
90 1782
91 1796
92 1810
4 1824
92 1824
93 1824
94 1852
6 1874
94 1874
95 1874
96 1894
97 1918
1 1932
97 1932
98 1932
99 1948
100 1962
101 1976
102 1990
6 2019
102 2019
103 2019
7 2040
103 2040
104 2040
105 2061
1 2078
105 2078
106 2078
2 2091
106 2091
107 2091
3 2104
107 2104
108 2104
4 2117
108 2117
109 2117
110 2145
6 2167
110 2167
111 2167
7 2187
111 2187
112 2187
113 2190
1 2244
113 2244
114 2244
115 2264
3 2312
115 2312
116 2312
117 2332
118 2375
119 2379
7 2444
119 2444
120 2444
0 2469
120 2469
121 2469
1 2502
121 2502
122 2502
2 2541
122 2541
123 2541
3 2553
123 2553
124 2553
125 2556
126 2620
6 2641
126 2641
127 2641
7 2665
127 2665
128 2665
1 3
2 13
3 23
4 27
5 35
6 55
7 61
8 75
9 83
1 91
9 91
10 91
2 109
10 109
11 109
3 112
11 112
12 112
4 118
12 118
13 118
14 126
15 135

Program received signal SIGINT, Interrupt.
0x000000000040121f in ?? ()
Warning: 'set logging off', an alias for the command 'set logging enabled', is deprecated.
Use 'set logging enabled off'.

