0 2
1 12
2 22
3 26
4 36
5 57
6 62
7 77
8 84
9 92
10 111
11 114
12 120
13 131
14 139
15 170
16 196
17 244
18 272
19 293
20 313
21 316
22 359
23 387
24 408
25 423
26 450
27 461
28 487
29 507
30 511
31 554
32 567
33 580
34 594
35 620
36 635
37 652
38 665
39 679
40 707
41 728
42 761
43 811
44 839
45 859
46 874
47 900
48 930
49 933
50 952
51 991
52 1011
53 1048
54 1069
55 1093
56 1097
57 1150
58 1170
59 1214
60 1235
61 1278
62 1282
63 1335
64 1358
65 1375
66 1397
67 1414
68 1427
69 1441
70 1469
71 1490
72 1518
73 1541
74 1558
75 1572
76 1586
77 1613
78 1634
79 1649
80 1672
81 1689
82 1711
83 1728
84 1742
85 1755
86 1782
87 1803
88 1827
89 1850
90 1866
91 1880
92 1894
93 1922
94 1943
95 1963
96 1986
97 2003
98 2026
99 2042
100 2055
101 2068
102 2096
103 2116
104 2140
105 2162
106 2178
107 2191
108 2205
109 2232
110 2252
111 2276
112 2279
113 2333
114 2354
115 2402
116 2422
117 2465
118 2469
119 2534
120 2561
121 2598
122 2638
123 2655
124 2658
125 2721
126 2742
127 2770
128 2813
129 2869
130 2922
131 2942
132 2967
133 2987
134 3024
135 3079
136 3099
137 3128
138 3148
139 3173
140 3183
141 3198
142 3210
143 3218
144 3228
145 3233
146 3253
147 3261
148 3273
149 3292
150 3303
151 3311
152 3319
153 3323
154 3337
155 3340
156 3343
157 3347
158 3350
159 3360
160 3364
161 3370
162 3412
163 3419
164 3458
165 3465
166 3472
167 3477
168 3486
169 3494
170 3498
171 3508
172 3516
173 3524
174 3527
175 3557
176 3562
177 3576
178 3579
179 3583
180 3589
181 3593
182 3595
183 3597
184 3607
185 3613
186 3618
187 3627
188 3638
189 3640
190 3642
191 3644
192 3646
193 3660
194 3666
195 3672
